x=133.757900
y=38.901700
